$(document).ready(function(){
var lp=new Highcharts.Chart({
chart:{renderTo:'lplot'},
exporting:{enabled:false},
title:{text:'Empirical Mode Decomposition (EMD).'},
subtitle:{text:'Clicking on the name of the line (legend), you can enable or disable the display of individual lines.'},
legend:{enabled:true},
yAxis:{title:{text:'y'}},
xAxis:{title:{text:'x'},showLastLabel:true},
series:[
{type:'line',name:'Data',data:[[0,1],[1,1],[2,1],[3,1],[4,1],[5,1],[6,1],[7,1],[8,1],[9,1],[10,1],[11,1],[12,1],[13,1],[14,1],[15,1],[16,1],[17,1],[18,1],[19,1],[20,-1],[21,-1],
[22,-1],[23,-1],[24,-1],[25,-1],[26,-1],[27,-1],[28,-1],[29,-1],[30,-1],[31,-1],[32,-1],[33,-1],[34,-1],[35,-1],[36,-1],[37,-1],[38,-1],[39,-1],[40,1],[41,1],[42,1],[43,1],
[44,1],[45,1],[46,1],[47,1],[48,1],[49,1],[50,1],[51,1],[52,1],[53,1],[54,1],[55,1],[56,1],[57,1],[58,1],[59,1],[60,-1],[61,-1],[62,-1],[63,-1],[64,-1],[65,-1],
[66,-1],[67,-1],[68,-1],[69,-1],[70,-1],[71,-1],[72,-1],[73,-1],[74,-1],[75,-1],[76,-1],[77,-1],[78,-1],[79,-1],[80,1],[81,1],[82,1],[83,1],[84,1],[85,1],[86,1],[87,1],
[88,1],[89,1],[90,1],[91,1],[92,1],[93,1],[94,1],[95,1],[96,1],[97,1],[98,1],[99,1],[100,-1],[101,-1],[102,-1],[103,-1],[104,-1],[105,-1],[106,-1],[107,-1],[108,-1],[109,-1],
[110,-1],[111,-1],[112,-1],[113,-1],[114,-1],[115,-1],[116,-1],[117,-1],[118,-1],[119,-1],[120,1],[121,1],[122,1],[123,1],[124,1],[125,1],[126,1],[127,1],[128,1],[129,1],[130,1],[131,1],
[132,1],[133,1],[134,1],[135,1],[136,1],[137,1],[138,1],[139,1],[140,-1],[141,-1],[142,-1],[143,-1],[144,-1],[145,-1],[146,-1],[147,-1],[148,-1],[149,-1],[150,-1],[151,-1],[152,-1],[153,-1],
[154,-1],[155,-1],[156,-1],[157,-1],[158,-1],[159,-1],[160,1],[161,1],[162,1],[163,1],[164,1],[165,1],[166,1],[167,1],[168,1],[169,1],[170,1],[171,1],[172,1],[173,1],[174,1],[175,1],
[176,1],[177,1],[178,1],[179,1],[180,-1],[181,-1],[182,-1],[183,-1],[184,-1],[185,-1],[186,-1],[187,-1],[188,-1],[189,-1],[190,-1],[191,-1],[192,-1],[193,-1],[194,-1],[195,-1],[196,-1],[197,-1],
[198,-1],[199,-1],[200,1],[201,1],[202,1],[203,1],[204,1],[205,1],[206,1],[207,1],[208,1],[209,1],[210,1],[211,1],[212,1],[213,1],[214,1],[215,1],[216,1],[217,1],[218,1],[219,1],
[220,-1],[221,-1],[222,-1],[223,-1],[224,-1],[225,-1],[226,-1],[227,-1],[228,-1],[229,-1],[230,-1],[231,-1],[232,-1],[233,-1],[234,-1],[235,-1],[236,-1],[237,-1],[238,-1],[239,-1],[240,1],[241,1],
[242,1],[243,1],[244,1],[245,1],[246,1],[247,1],[248,1],[249,1],[250,1],[251,1],[252,1],[253,1],[254,1],[255,1],[256,1],[257,1],[258,1],[259,1],[260,-1],[261,-1],[262,-1],[263,-1],
[264,-1],[265,-1],[266,-1],[267,-1],[268,-1],[269,-1],[270,-1],[271,-1],[272,-1],[273,-1],[274,-1],[275,-1],[276,-1],[277,-1],[278,-1],[279,-1],[280,1],[281,1],[282,1],[283,1],[284,1],[285,1],
[286,1],[287,1],[288,1],[289,1],[290,1],[291,1],[292,1],[293,1],[294,1],[295,1],[296,1],[297,1],[298,1],[299,1],[300,-1],[301,-1],[302,-1],[303,-1],[304,-1],[305,-1],[306,-1],[307,-1],
[308,-1],[309,-1],[310,-1],[311,-1],[312,-1],[313,-1],[314,-1],[315,-1],[316,-1],[317,-1],[318,-1],[319,-1]]}
,{type:'line',name:'IMF 1',data:[[0,-0.03946],[1,-0.1145],[2,-0.18271],[3,-0.23805],[4,-0.27456],[5,-0.28626],[6,-0.26918],[7,-0.22752],[8,-0.16825],[9,-0.098398],[10,-0.024581],[11,0.04746],[12,0.11562],[13,0.18176],[14,0.23925],[15,0.27307],[16,0.25289],[17,0.13631],[18,-0.2639],[19,0.26029],[20,-0.25651],[21,0.25284],
[22,-0.15091],[23,-0.24674],[24,-0.21944],[25,-0.12924],[26,-0.018784],[27,0.087411],[28,0.17317],[29,0.22978],[30,0.24215],[31,0.19932],[32,0.11442],[33,0.00082645],[34,-0.12061],[35,-0.22071],[36,-0.25215],[37,-0.15248],[38,0.2555],[39,-0.25659],[40,0.25705],[41,-0.25691],[42,0.15147],[43,0.25556],
[44,0.23276],[45,0.14276],[46,0.029408],[47,-0.081601],[48,-0.17289],[49,-0.23458],[50,-0.25037],[51,-0.20847],[52,-0.12247],[53,-0.0065162],[54,0.11774],[55,0.22033],[56,0.25315],[57,0.15332],[58,-0.25543],[59,0.25641],[60,-0.25696],[61,0.257],[62,-0.15163],[63,-0.25596],[64,-0.23324],[65,-0.14317],
[66,-0.029643],[67,0.081597],[68,0.17313],[69,0.23501],[70,0.25092],[71,0.209],[72,0.12289],[73,0.0067767],[74,-0.11765],[75,-0.22037],[76,-0.25326],[77,-0.15339],[78,0.25543],[79,-0.25638],[80,0.25693],[81,-0.257],[82,0.15176],[83,0.25615],[84,0.23324],[85,0.14281],[86,0.02882],[87,-0.082861],
[88,-0.17471],[89,-0.23669],[90,-0.25235],[91,-0.20981],[92,-0.12286],[93,-0.0059111],[94,0.11914],[95,0.22206],[96,0.2545],[97,0.15356],[98,-0.25595],[99,0.25639],[100,-0.2564],[101,0.25597],[102,-0.15353],[103,-0.25454],[104,-0.22229],[105,-0.1196],[106,0.0052627],[107,0.12216],[108,0.2093],[109,0.25234],
[110,0.23743],[111,0.17589],[112,0.084099],[113,-0.027775],[114,-0.1421],[115,-0.2329],[116,-0.25609],[117,-0.15181],[118,0.25696],[119,-0.25692],[120,0.25639],[121,-0.25546],[122,0.15335],[123,0.2533],[124,0.22062],[125,0.11814],[126,-0.0060931],[127,-0.12215],[128,-0.20844],[129,-0.25086],[130,-0.23573],[131,-0.17429],
[132,-0.08284],[133,0.028579],[134,0.14243],[135,0.23286],[136,0.25587],[137,0.15166],[138,-0.25696],[139,0.25696],[140,-0.25643],[141,0.25546],[142,-0.1532],[143,-0.25309],[144,-0.22058],[145,-0.11848],[146,0.0053138],[147,0.12098],[148,0.20706],[149,0.24956],[150,0.23487],[151,0.17412],[152,0.083448],[153,-0.027278],
[154,-0.14069],[155,-0.23108],[156,-0.25464],[157,-0.15151],[158,0.25645],[159,-0.25694],[160,0.25694],[161,-0.25645],[162,0.15151],[163,0.25464],[164,0.23108],[165,0.14069],[166,0.027278],[167,-0.083448],[168,-0.17412],[169,-0.23487],[170,-0.24956],[171,-0.20706],[172,-0.12098],[173,-0.0053138],[174,0.11848],[175,0.22058],
[176,0.25309],[177,0.1532],[178,-0.25546],[179,0.25643],[180,-0.25696],[181,0.25696],[182,-0.15166],[183,-0.25587],[184,-0.23286],[185,-0.14243],[186,-0.028579],[187,0.08284],[188,0.17429],[189,0.23573],[190,0.25086],[191,0.20844],[192,0.12215],[193,0.0060931],[194,-0.11814],[195,-0.22062],[196,-0.2533],[197,-0.15335],
[198,0.25546],[199,-0.25639],[200,0.25692],[201,-0.25696],[202,0.15181],[203,0.25609],[204,0.2329],[205,0.1421],[206,0.027775],[207,-0.084099],[208,-0.17589],[209,-0.23743],[210,-0.25234],[211,-0.2093],[212,-0.12216],[213,-0.0052627],[214,0.1196],[215,0.22229],[216,0.25454],[217,0.15353],[218,-0.25597],[219,0.2564],
[220,-0.25639],[221,0.25595],[222,-0.15356],[223,-0.2545],[224,-0.22206],[225,-0.11914],[226,0.0059111],[227,0.12286],[228,0.20981],[229,0.25235],[230,0.23669],[231,0.17471],[232,0.082861],[233,-0.02882],[234,-0.14281],[235,-0.23324],[236,-0.25615],[237,-0.15176],[238,0.257],[239,-0.25693],[240,0.25638],[241,-0.25543],
[242,0.15339],[243,0.25326],[244,0.22037],[245,0.11765],[246,-0.0067767],[247,-0.12289],[248,-0.209],[249,-0.25092],[250,-0.23501],[251,-0.17313],[252,-0.081597],[253,0.029643],[254,0.14317],[255,0.23324],[256,0.25596],[257,0.15163],[258,-0.257],[259,0.25696],[260,-0.25641],[261,0.25543],[262,-0.15332],[263,-0.25315],
[264,-0.22033],[265,-0.11774],[266,0.0065162],[267,0.12247],[268,0.20847],[269,0.25037],[270,0.23458],[271,0.17289],[272,0.081601],[273,-0.029408],[274,-0.14276],[275,-0.23276],[276,-0.25556],[277,-0.15147],[278,0.25691],[279,-0.25705],[280,0.25659],[281,-0.2555],[282,0.15248],[283,0.25215],[284,0.22071],[285,0.12061],
[286,-0.00082645],[287,-0.11442],[288,-0.19932],[289,-0.24215],[290,-0.22978],[291,-0.17317],[292,-0.087411],[293,0.018784],[294,0.12924],[295,0.21944],[296,0.24674],[297,0.15091],[298,-0.25284],[299,0.25651],[300,-0.26029],[301,0.2639],[302,-0.13631],[303,-0.25289],[304,-0.27307],[305,-0.23925],[306,-0.18176],[307,-0.11562],
[308,-0.04746],[309,0.024581],[310,0.098398],[311,0.16825],[312,0.22752],[313,0.26918],[314,0.28626],[315,0.27456],[316,0.23805],[317,0.18271],[318,0.1145],[319,0.03946]]}
,{type:'line',name:'IMF 2',data:[[0,0.16786],[1,0.36454],[2,0.53904],[3,0.67364],[4,0.75066],[5,0.75243],[6,0.66793],[7,0.51284],[8,0.31028],[9,0.083405],[10,-0.14502],[11,-0.35313],[12,-0.52308],[13,-0.64261],[14,-0.6925],[15,-0.64831],[16,-0.46816],[17,-0.1043],[18,0.63395],[19,0.53102],[20,-0.49944],[21,-0.58729],
[22,0.1518],[23,0.47313],[24,0.54805],[25,0.43969],[26,0.22297],[27,-0.036193],[28,-0.27962],[29,-0.45658],[30,-0.50998],[31,-0.40197],[32,-0.17934],[33,0.095747],[34,0.35367],[35,0.51706],[36,0.49693],[37,0.20875],[38,-0.53074],[39,-0.47969],[40,0.49556],[41,0.54432],[42,-0.20385],[43,-0.50858],
[44,-0.55303],[45,-0.41756],[46,-0.18122],[47,0.089995],[48,0.33785],[49,0.51158],[50,0.55403],[51,0.42813],[52,0.18454],[53,-0.10991],[54,-0.38091],[55,-0.5466],[56,-0.51604],[57,-0.21093],[58,0.54268],[59,0.4956],[60,-0.48394],[61,-0.54051],[62,0.19983],[63,0.49842],[64,0.5398],[65,0.40553],
[66,0.17364],[67,-0.091365],[68,-0.3327],[69,-0.50106],[70,-0.54075],[71,-0.41567],[72,-0.1756],[73,0.11403],[74,0.38028],[75,0.54267],[76,0.51127],[77,0.20731],[78,-0.54392],[79,-0.49402],[80,0.48777],[81,0.54475],[82,-0.19771],[83,-0.4998],[84,-0.54455],[85,-0.41236],[86,-0.1812],[87,0.084272],
[88,0.32713],[89,0.49792],[90,0.54079],[91,0.41939],[92,0.18269],[93,-0.10479],[94,-0.37101],[95,-0.53648],[96,-0.51144],[97,-0.21357],[98,0.53493],[99,0.48753],[100,-0.48755],[101,-0.53499],[102,0.21349],[103,0.51142],[104,0.53662],[105,0.37137],[106,0.10531],[107,-0.18212],[108,-0.419],[109,-0.5409],
[110,-0.49877],[111,-0.32839],[112,-0.085562],[113,0.18015],[114,0.41171],[115,0.54435],[116,0.49998],[117,0.19807],[118,-0.54441],[119,-0.48763],[120,0.49394],[121,0.54368],[122,-0.20765],[123,-0.51163],[124,-0.54295],[125,-0.38026],[126,-0.11354],[127,0.1766],[128,0.41715],[129,0.54256],[130,0.50287],[131,0.33382],
[132,0.091314],[133,-0.17495],[134,-0.40779],[135,-0.54232],[136,-0.50023],[137,-0.20023],[138,0.54172],[139,0.48641],[140,-0.49281],[141,-0.54106],[142,0.20978],[143,0.51195],[144,0.54114],[145,0.37678],[146,0.10913],[147,-0.18109],[148,-0.42068],[149,-0.54394],[150,-0.50094],[151,-0.32813],[152,-0.082336],[153,0.18586],
[154,0.41839],[155,0.54938],[156,0.50041],[157,0.19385],[158,-0.55107],[159,-0.49312],[160,0.49312],[161,0.55107],[162,-0.19385],[163,-0.50041],[164,-0.54938],[165,-0.41839],[166,-0.18586],[167,0.082336],[168,0.32813],[169,0.50094],[170,0.54394],[171,0.42068],[172,0.18109],[173,-0.10913],[174,-0.37678],[175,-0.54114],
[176,-0.51195],[177,-0.20978],[178,0.54106],[179,0.49281],[180,-0.48641],[181,-0.54172],[182,0.20023],[183,0.50023],[184,0.54232],[185,0.40779],[186,0.17495],[187,-0.091314],[188,-0.33382],[189,-0.50287],[190,-0.54256],[191,-0.41715],[192,-0.1766],[193,0.11354],[194,0.38026],[195,0.54295],[196,0.51163],[197,0.20765],
[198,-0.54368],[199,-0.49394],[200,0.48763],[201,0.54441],[202,-0.19807],[203,-0.49998],[204,-0.54435],[205,-0.41171],[206,-0.18015],[207,0.085562],[208,0.32839],[209,0.49877],[210,0.5409],[211,0.419],[212,0.18212],[213,-0.10531],[214,-0.37137],[215,-0.53662],[216,-0.51142],[217,-0.21349],[218,0.53499],[219,0.48755],
[220,-0.48753],[221,-0.53493],[222,0.21357],[223,0.51144],[224,0.53648],[225,0.37101],[226,0.10479],[227,-0.18269],[228,-0.41939],[229,-0.54079],[230,-0.49792],[231,-0.32713],[232,-0.084272],[233,0.1812],[234,0.41236],[235,0.54455],[236,0.4998],[237,0.19771],[238,-0.54475],[239,-0.48777],[240,0.49402],[241,0.54392],
[242,-0.20731],[243,-0.51127],[244,-0.54267],[245,-0.38028],[246,-0.11403],[247,0.1756],[248,0.41567],[249,0.54075],[250,0.50106],[251,0.3327],[252,0.091365],[253,-0.17364],[254,-0.40553],[255,-0.5398],[256,-0.49842],[257,-0.19983],[258,0.54051],[259,0.48394],[260,-0.4956],[261,-0.54268],[262,0.21093],[263,0.51604],
[264,0.5466],[265,0.38091],[266,0.10991],[267,-0.18454],[268,-0.42813],[269,-0.55403],[270,-0.51158],[271,-0.33785],[272,-0.089995],[273,0.18122],[274,0.41756],[275,0.55303],[276,0.50858],[277,0.20385],[278,-0.54432],[279,-0.49556],[280,0.47969],[281,0.53074],[282,-0.20875],[283,-0.49693],[284,-0.51706],[285,-0.35367],
[286,-0.095747],[287,0.17934],[288,0.40197],[289,0.50998],[290,0.45658],[291,0.27962],[292,0.036193],[293,-0.22297],[294,-0.43969],[295,-0.54805],[296,-0.47313],[297,-0.1518],[298,0.58729],[299,0.49944],[300,-0.53102],[301,-0.63395],[302,0.1043],[303,0.46816],[304,0.64831],[305,0.6925],[306,0.64261],[307,0.52308],
[308,0.35313],[309,0.14502],[310,-0.083405],[311,-0.31028],[312,-0.51284],[313,-0.66793],[314,-0.75243],[315,-0.75066],[316,-0.67364],[317,-0.53904],[318,-0.36454],[319,-0.16786]]}
,{type:'line',name:'IMF 3',data:[[0,-0.25668],[1,-0.40693],[2,-0.53641],[3,-0.63368],[4,-0.68733],[5,-0.68563],[6,-0.62029],[7,-0.50127],[8,-0.34317],[9,-0.1606],[10,0.031846],[11,0.21956],[12,0.38836],[13,0.52565],[14,0.62005],[15,0.66203],[16,0.63915],[17,0.54336],[18,0.36799],[19,0.11742],[20,-0.15983],[21,-0.40424],
[22,-0.56405],[23,-0.61879],[24,-0.55849],[25,-0.3906],[26,-0.15209],[27,0.11099],[28,0.35201],[29,0.52431],[30,0.58123],[31,0.49262],[32,0.29429],[33,0.038576],[34,-0.22221],[35,-0.43637],[36,-0.55822],[37,-0.55995],[38,-0.42969],[39,-0.17562],[40,0.12796],[41,0.39024],[42,0.53686],[43,0.55924],
[44,0.46802],[45,0.2872],[46,0.053607],[47,-0.19121],[48,-0.40512],[49,-0.54601],[50,-0.57175],[51,-0.45633],[52,-0.23816],[53,0.028212],[54,0.28825],[55,0.48821],[56,0.58301],[57,0.55352],[58,0.39737],[59,0.12947],[60,-0.17741],[61,-0.43604],[62,-0.57525],[63,-0.58803],[64,-0.48651],[65,-0.29694],
[66,-0.056379],[67,0.19392],[68,0.41208],[69,0.55623],[70,0.5845],[71,0.47104],[72,0.25396],[73,-0.012601],[74,-0.2745],[75,-0.47839],[76,-0.57925],[77,-0.55665],[78,-0.40729],[79,-0.14524],[80,0.15774],[81,0.41546],[82,0.55737],[83,0.57547],[84,0.48041],[85,0.2969],[86,0.061435],[87,-0.18506],
[88,-0.40107],[89,-0.54505],[90,-0.57549],[91,-0.46652],[92,-0.25499],[93,0.006572],[94,0.26564],[95,0.47054],[96,0.57708],[97,0.56148],[98,0.41625],[99,0.15259],[100,-0.15569],[101,-0.4191],[102,-0.56382],[103,-0.57864],[104,-0.4711],[105,-0.26508],[106,-0.0049007],[107,0.25761],[108,0.4698],[109,0.57903],
[110,0.54834],[111,0.40367],[112,0.18666],[113,-0.061042],[114,-0.2978],[115,-0.48258],[116,-0.57877],[117,-0.56151],[118,-0.42005],[119,-0.16232],[120,0.1411],[121,0.40399],[122,0.55452],[123,0.57858],[124,0.47939],[125,0.27709],[126,0.016567],[127,-0.24894],[128,-0.46539],[129,-0.57877],[130,-0.55102],[131,-0.40799],
[132,-0.19149],[133,0.056631],[134,0.29456],[135,0.48108],[136,0.57929],[137,0.56355],[138,0.42224],[139,0.16286],[140,-0.14292],[141,-0.40736],[142,-0.55754],[143,-0.57982],[144,-0.4783],[145,-0.27398],[146,-0.012133],[147,0.25371],[148,0.46923],[149,0.58013],[150,0.54831],[151,0.40054],[152,0.17982],[153,-0.070879],
[154,-0.30856],[155,-0.49079],[156,-0.58031],[157,-0.5553],[158,-0.40846],[159,-0.15018],[160,0.15018],[161,0.40846],[162,0.5553],[163,0.58031],[164,0.49079],[165,0.30856],[166,0.070879],[167,-0.17982],[168,-0.40054],[169,-0.54831],[170,-0.58013],[171,-0.46923],[172,-0.25371],[173,0.012133],[174,0.27398],[175,0.4783],
[176,0.57982],[177,0.55754],[178,0.40736],[179,0.14292],[180,-0.16286],[181,-0.42224],[182,-0.56355],[183,-0.57929],[184,-0.48108],[185,-0.29456],[186,-0.056631],[187,0.19149],[188,0.40799],[189,0.55102],[190,0.57877],[191,0.46539],[192,0.24894],[193,-0.016567],[194,-0.27709],[195,-0.47939],[196,-0.57858],[197,-0.55452],
[198,-0.40399],[199,-0.1411],[200,0.16232],[201,0.42005],[202,0.56151],[203,0.57877],[204,0.48258],[205,0.2978],[206,0.061042],[207,-0.18666],[208,-0.40367],[209,-0.54834],[210,-0.57903],[211,-0.4698],[212,-0.25761],[213,0.0049007],[214,0.26508],[215,0.4711],[216,0.57864],[217,0.56382],[218,0.4191],[219,0.15569],
[220,-0.15259],[221,-0.41625],[222,-0.56148],[223,-0.57708],[224,-0.47054],[225,-0.26564],[226,-0.006572],[227,0.25499],[228,0.46652],[229,0.57549],[230,0.54505],[231,0.40107],[232,0.18506],[233,-0.061435],[234,-0.2969],[235,-0.48041],[236,-0.57547],[237,-0.55737],[238,-0.41546],[239,-0.15774],[240,0.14524],[241,0.40729],
[242,0.55665],[243,0.57925],[244,0.47839],[245,0.2745],[246,0.012601],[247,-0.25396],[248,-0.47104],[249,-0.5845],[250,-0.55623],[251,-0.41208],[252,-0.19392],[253,0.056379],[254,0.29694],[255,0.48651],[256,0.58803],[257,0.57525],[258,0.43604],[259,0.17741],[260,-0.12947],[261,-0.39737],[262,-0.55352],[263,-0.58301],
[264,-0.48821],[265,-0.28825],[266,-0.028212],[267,0.23816],[268,0.45633],[269,0.57175],[270,0.54601],[271,0.40512],[272,0.19121],[273,-0.053607],[274,-0.2872],[275,-0.46802],[276,-0.55924],[277,-0.53686],[278,-0.39024],[279,-0.12796],[280,0.17562],[281,0.42969],[282,0.55995],[283,0.55822],[284,0.43637],[285,0.22221],
[286,-0.038576],[287,-0.29429],[288,-0.49262],[289,-0.58123],[290,-0.52431],[291,-0.35201],[292,-0.11099],[293,0.15209],[294,0.3906],[295,0.55849],[296,0.61879],[297,0.56405],[298,0.40424],[299,0.15983],[300,-0.11742],[301,-0.36799],[302,-0.54336],[303,-0.63915],[304,-0.66203],[305,-0.62005],[306,-0.52565],[307,-0.38836],
[308,-0.21956],[309,-0.031846],[310,0.1606],[311,0.34317],[312,0.50127],[313,0.62029],[314,0.68563],[315,0.68733],[316,0.63368],[317,0.53641],[318,0.40693],[319,0.25668]]}
,{type:'line',name:'IMF 4',data:[[0,1.1792],[1,1.2082],[2,1.2317],[3,1.25],[4,1.2633],[5,1.2717],[6,1.2738],[7,1.2682],[8,1.2533],[9,1.2275],[10,1.1894],[11,1.1374],[12,1.07],[13,0.98563],[14,0.88311],[15,0.76253],[16,0.62478],[17,0.47259],[18,0.30917],[19,0.1377],[20,-0.038621],[21,-0.2166],
[22,-0.39304],[23,-0.56476],[24,-0.72826],[25,-0.879],[26,-1.0123],[27,-1.1235],[28,-1.2079],[29,-1.2609],[30,-1.2779],[31,-1.2556],[32,-1.1961],[33,-1.1031],[34,-0.9799],[35,-0.83018],[36,-0.65789],[37,-0.46877],[38,-0.26865],[39,-0.062792],[40,0.14364],[41,0.34549],[42,0.53759],[43,0.71481],
[44,0.87226],[45,1.0066],[46,1.1163],[47,1.2],[48,1.2564],[49,1.2844],[50,1.2827],[51,1.2505],[52,1.1892],[53,1.1006],[54,0.98665],[55,0.84918],[56,0.6904],[57,0.51406],[58,0.32482],[59,0.12747],[60,-0.073194],[61,-0.27238],[62,-0.4653],[63,-0.64715],[64,-0.81314],[65,-0.95883],
[66,-1.0813],[67,-1.1782],[68,-1.2468],[69,-1.2847],[70,-1.2894],[71,-1.2593],[72,-1.1964],[73,-1.1035],[74,-0.98363],[75,-0.83955],[76,-0.67455],[77,-0.49318],[78,-0.30025],[79,-0.10049],[80,0.10134],[81,0.30048],[82,0.49219],[83,0.67171],[84,0.83436],[85,0.97605],[86,1.0943],[87,1.1869],
[88,1.2519],[89,1.287],[90,1.2901],[91,1.26],[92,1.1981],[93,1.107],[94,0.98907],[95,0.84665],[96,0.68257],[97,0.50116],[98,0.30733],[99,0.10599],[100,-0.097932],[101,-0.29953],[102,-0.49386],[103,-0.67603],[104,-0.84111],[105,-0.98465],[106,-1.1037],[107,-1.1958],[108,-1.2583],[109,-1.2888],
[110,-1.2854],[111,-1.2496],[112,-1.1838],[113,-1.09],[114,-0.97055],[115,-0.8277],[116,-0.66404],[117,-0.48376],[118,-0.29159],[119,-0.092316],[120,0.10929],[121,0.30843],[122,0.50034],[123,0.68023],[124,0.84334],[125,0.98535],[126,1.1033],[127,1.1947],[128,1.2568],[129,1.2871],[130,1.2839],[131,1.2484],
[132,1.1829],[133,1.0896],[134,0.97057],[135,0.82811],[136,0.66476],[137,0.48468],[138,0.29262],[139,0.093371],[140,-0.10826],[141,-0.30748],[142,-0.4995],[143,-0.6795],[144,-0.84272],[145,-0.98479],[146,-1.1028],[147,-1.194],[148,-1.256],[149,-1.2862],[150,-1.2826],[151,-1.2469],[152,-1.1813],[153,-1.088],
[154,-0.96939],[155,-0.82772],[156,-0.66562],[157,-0.48717],[158,-0.29699],[159,-0.099778],[160,0.099778],[161,0.29699],[162,0.48717],[163,0.66562],[164,0.82772],[165,0.96939],[166,1.088],[167,1.1813],[168,1.2469],[169,1.2826],[170,1.2862],[171,1.256],[172,1.194],[173,1.1028],[174,0.98479],[175,0.84272],
[176,0.6795],[177,0.4995],[178,0.30748],[179,0.10826],[180,-0.093371],[181,-0.29262],[182,-0.48468],[183,-0.66476],[184,-0.82811],[185,-0.97057],[186,-1.0896],[187,-1.1829],[188,-1.2484],[189,-1.2839],[190,-1.2871],[191,-1.2568],[192,-1.1947],[193,-1.1033],[194,-0.98535],[195,-0.84334],[196,-0.68023],[197,-0.50034],
[198,-0.30843],[199,-0.10929],[200,0.092316],[201,0.29159],[202,0.48376],[203,0.66404],[204,0.8277],[205,0.97055],[206,1.09],[207,1.1838],[208,1.2496],[209,1.2854],[210,1.2888],[211,1.2583],[212,1.1958],[213,1.1037],[214,0.98465],[215,0.84111],[216,0.67603],[217,0.49386],[218,0.29953],[219,0.097932],
[220,-0.10599],[221,-0.30733],[222,-0.50116],[223,-0.68257],[224,-0.84665],[225,-0.98907],[226,-1.107],[227,-1.1981],[228,-1.26],[229,-1.2901],[230,-1.287],[231,-1.2519],[232,-1.1869],[233,-1.0943],[234,-0.97605],[235,-0.83436],[236,-0.67171],[237,-0.49219],[238,-0.30048],[239,-0.10134],[240,0.10049],[241,0.30025],
[242,0.49318],[243,0.67455],[244,0.83955],[245,0.98363],[246,1.1035],[247,1.1964],[248,1.2593],[249,1.2894],[250,1.2847],[251,1.2468],[252,1.1782],[253,1.0813],[254,0.95883],[255,0.81314],[256,0.64715],[257,0.4653],[258,0.27238],[259,0.073194],[260,-0.12747],[261,-0.32482],[262,-0.51406],[263,-0.6904],
[264,-0.84918],[265,-0.98665],[266,-1.1006],[267,-1.1892],[268,-1.2505],[269,-1.2827],[270,-1.2844],[271,-1.2564],[272,-1.2],[273,-1.1163],[274,-1.0066],[275,-0.87226],[276,-0.71481],[277,-0.53759],[278,-0.34549],[279,-0.14364],[280,0.062792],[281,0.26865],[282,0.46877],[283,0.65789],[284,0.83018],[285,0.9799],
[286,1.1031],[287,1.1961],[288,1.2556],[289,1.2779],[290,1.2609],[291,1.2079],[292,1.1235],[293,1.0123],[294,0.879],[295,0.72826],[296,0.56476],[297,0.39304],[298,0.2166],[299,0.038621],[300,-0.1377],[301,-0.30917],[302,-0.47259],[303,-0.62478],[304,-0.76253],[305,-0.88311],[306,-0.98563],[307,-1.07],
[308,-1.1374],[309,-1.1894],[310,-1.2275],[311,-1.2533],[312,-1.2682],[313,-1.2738],[314,-1.2717],[315,-1.2633],[316,-1.25],[317,-1.2317],[318,-1.2082],[319,-1.1792]]}
,{type:'line',name:'IMF 5',data:[[0,-0.018665],[1,-0.019053],[2,-0.019377],[3,-0.019635],[4,-0.019824],[5,-0.01994],[6,-0.019981],[7,-0.019945],[8,-0.019834],[9,-0.019651],[10,-0.019398],[11,-0.01908],[12,-0.018697],[13,-0.018254],[14,-0.017754],[15,-0.017199],[16,-0.016592],[17,-0.015937],[18,-0.015236],[19,-0.014491],[20,-0.013707],[21,-0.012886],
[22,-0.01203],[23,-0.011144],[24,-0.010229],[25,-0.0092882],[26,-0.0083254],[27,-0.007343],[28,-0.0063441],[29,-0.0053315],[30,-0.0043081],[31,-0.0032769],[32,-0.0022406],[33,-0.001202],[34,-0.00016371],[35,0.0008715],[36,0.0019009],[37,0.0029217],[38,0.0039313],[39,0.0049269],[40,0.0059058],[41,0.0068653],[42,0.0078026],[43,0.008715],
[44,0.0095998],[45,0.010454],[46,0.011276],[47,0.012061],[48,0.012808],[49,0.013514],[50,0.014177],[51,0.014797],[52,0.015375],[53,0.015912],[54,0.016411],[55,0.016871],[56,0.017294],[57,0.017681],[58,0.018033],[59,0.018352],[60,0.018639],[61,0.018894],[62,0.019119],[63,0.019315],[64,0.019484],[65,0.019626],
[66,0.019742],[67,0.019834],[68,0.019903],[69,0.01995],[70,0.019976],[71,0.019982],[72,0.019969],[73,0.019939],[74,0.019892],[75,0.019829],[76,0.019751],[77,0.01966],[78,0.019555],[79,0.019438],[80,0.01931],[81,0.019172],[82,0.019025],[83,0.018869],[84,0.018707],[85,0.018537],[86,0.018363],[87,0.018184],
[88,0.018002],[89,0.017817],[90,0.017631],[91,0.017444],[92,0.017256],[93,0.017068],[94,0.016879],[95,0.01669],[96,0.016501],[97,0.016311],[98,0.01612],[99,0.015929],[100,0.015738],[101,0.015546],[102,0.015354],[103,0.015162],[104,0.014969],[105,0.014776],[106,0.014583],[107,0.01439],[108,0.014196],[109,0.014002],
[110,0.013808],[111,0.013614],[112,0.013419],[113,0.013223],[114,0.013026],[115,0.012827],[116,0.012627],[117,0.012425],[118,0.012221],[119,0.012015],[120,0.011806],[121,0.011595],[122,0.01138],[123,0.011163],[124,0.010941],[125,0.010716],[126,0.010487],[127,0.010254],[128,0.010017],[129,0.0097746],[130,0.0095276],[131,0.0092756],
[132,0.0090187],[133,0.0087568],[134,0.0084898],[135,0.0082178],[136,0.0079407],[137,0.0076585],[138,0.0073711],[139,0.0070785],[140,0.0067807],[141,0.0064776],[142,0.0061692],[143,0.0058555],[144,0.0055365],[145,0.005212],[146,0.0048821],[147,0.0045469],[148,0.0042062],[149,0.0038602],[150,0.0035088],[151,0.0031526],[152,0.0027919],[153,0.0024275],
[154,0.0020597],[155,0.001689],[156,0.0013161],[157,0.00094136],[158,0.00056533],[159,0.00018853],[160,-0.00018853],[161,-0.00056533],[162,-0.00094136],[163,-0.0013161],[164,-0.001689],[165,-0.0020597],[166,-0.0024275],[167,-0.0027919],[168,-0.0031526],[169,-0.0035088],[170,-0.0038602],[171,-0.0042062],[172,-0.0045469],[173,-0.0048821],[174,-0.005212],[175,-0.0055365],
[176,-0.0058555],[177,-0.0061692],[178,-0.0064776],[179,-0.0067807],[180,-0.0070785],[181,-0.0073711],[182,-0.0076585],[183,-0.0079407],[184,-0.0082178],[185,-0.0084898],[186,-0.0087568],[187,-0.0090187],[188,-0.0092756],[189,-0.0095276],[190,-0.0097746],[191,-0.010017],[192,-0.010254],[193,-0.010487],[194,-0.010716],[195,-0.010941],[196,-0.011163],[197,-0.01138],
[198,-0.011595],[199,-0.011806],[200,-0.012015],[201,-0.012221],[202,-0.012425],[203,-0.012627],[204,-0.012827],[205,-0.013026],[206,-0.013223],[207,-0.013419],[208,-0.013614],[209,-0.013808],[210,-0.014002],[211,-0.014196],[212,-0.01439],[213,-0.014583],[214,-0.014776],[215,-0.014969],[216,-0.015162],[217,-0.015354],[218,-0.015546],[219,-0.015738],
[220,-0.015929],[221,-0.01612],[222,-0.016311],[223,-0.016501],[224,-0.01669],[225,-0.016879],[226,-0.017068],[227,-0.017256],[228,-0.017444],[229,-0.017631],[230,-0.017817],[231,-0.018002],[232,-0.018184],[233,-0.018363],[234,-0.018537],[235,-0.018707],[236,-0.018869],[237,-0.019025],[238,-0.019172],[239,-0.01931],[240,-0.019438],[241,-0.019555],
[242,-0.01966],[243,-0.019751],[244,-0.019829],[245,-0.019892],[246,-0.019939],[247,-0.019969],[248,-0.019982],[249,-0.019976],[250,-0.01995],[251,-0.019903],[252,-0.019834],[253,-0.019742],[254,-0.019626],[255,-0.019484],[256,-0.019315],[257,-0.019119],[258,-0.018894],[259,-0.018639],[260,-0.018352],[261,-0.018033],[262,-0.017681],[263,-0.017294],
[264,-0.016871],[265,-0.016411],[266,-0.015912],[267,-0.015375],[268,-0.014797],[269,-0.014177],[270,-0.013514],[271,-0.012808],[272,-0.012061],[273,-0.011276],[274,-0.010454],[275,-0.0095998],[276,-0.008715],[277,-0.0078026],[278,-0.0068653],[279,-0.0059058],[280,-0.0049269],[281,-0.0039313],[282,-0.0029217],[283,-0.0019009],[284,-0.0008715],[285,0.00016371],
[286,0.001202],[287,0.0022406],[288,0.0032769],[289,0.0043081],[290,0.0053315],[291,0.0063441],[292,0.007343],[293,0.0083254],[294,0.0092882],[295,0.010229],[296,0.011144],[297,0.01203],[298,0.012886],[299,0.013707],[300,0.014491],[301,0.015236],[302,0.015937],[303,0.016592],[304,0.017199],[305,0.017754],[306,0.018254],[307,0.018697],
[308,0.01908],[309,0.019398],[310,0.019651],[311,0.019834],[312,0.019945],[313,0.019981],[314,0.01994],[315,0.019824],[316,0.019635],[317,0.019377],[318,0.019053],[319,0.018665]]}
,{type:'line',name:'Res',data:[[0,-0.032243],[1,-0.032261],[2,-0.032275],[3,-0.032285],[4,-0.032291],[5,-0.032293],[6,-0.032292],[7,-0.032287],[8,-0.032278],[9,-0.032266],[10,-0.032249],[11,-0.032229],[12,-0.032205],[13,-0.032178],[14,-0.032146],[15,-0.032112],[16,-0.032073],[17,-0.032031],[18,-0.031985],[19,-0.031936],[20,-0.031883],[21,-0.031827],
[22,-0.031767],[23,-0.031704],[24,-0.031637],[25,-0.031567],[26,-0.031494],[27,-0.031417],[28,-0.031337],[29,-0.031253],[30,-0.031166],[31,-0.031076],[32,-0.030983],[33,-0.030886],[34,-0.030786],[35,-0.030683],[36,-0.030577],[37,-0.030467],[38,-0.030355],[39,-0.030239],[40,-0.03012],[41,-0.029998],[42,-0.029873],[43,-0.029745],
[44,-0.029614],[45,-0.02948],[46,-0.029343],[47,-0.029204],[48,-0.029061],[49,-0.028915],[50,-0.028767],[51,-0.028615],[52,-0.028461],[53,-0.028304],[54,-0.028144],[55,-0.027982],[56,-0.027817],[57,-0.027649],[58,-0.027478],[59,-0.027305],[60,-0.027129],[61,-0.02695],[62,-0.026769],[63,-0.026585],[64,-0.026398],[65,-0.02621],
[66,-0.026018],[67,-0.025824],[68,-0.025628],[69,-0.025429],[70,-0.025228],[71,-0.025024],[72,-0.024818],[73,-0.024609],[74,-0.024399],[75,-0.024186],[76,-0.02397],[77,-0.023753],[78,-0.023533],[79,-0.02331],[80,-0.023086],[81,-0.022859],[82,-0.022631],[83,-0.0224],[84,-0.022167],[85,-0.021932],[86,-0.021694],[87,-0.021455],
[88,-0.021214],[89,-0.02097],[90,-0.020725],[91,-0.020478],[92,-0.020228],[93,-0.019977],[94,-0.019724],[95,-0.019469],[96,-0.019212],[97,-0.018953],[98,-0.018692],[99,-0.01843],[100,-0.018165],[101,-0.017899],[102,-0.017631],[103,-0.017362],[104,-0.01709],[105,-0.016817],[106,-0.016543],[107,-0.016266],[108,-0.015989],[109,-0.015709],
[110,-0.015428],[111,-0.015145],[112,-0.014861],[113,-0.014575],[114,-0.014288],[115,-0.013999],[116,-0.013709],[117,-0.013417],[118,-0.013124],[119,-0.01283],[120,-0.012534],[121,-0.012237],[122,-0.011938],[123,-0.011638],[124,-0.011337],[125,-0.011035],[126,-0.010731],[127,-0.010426],[128,-0.01012],[129,-0.0098129],[130,-0.0095045],[131,-0.0091949],
[132,-0.0088841],[133,-0.0085723],[134,-0.0082594],[135,-0.0079454],[136,-0.0076304],[137,-0.0073144],[138,-0.0069973],[139,-0.0066793],[140,-0.0063603],[141,-0.0060404],[142,-0.0057196],[143,-0.0053978],[144,-0.0050752],[145,-0.0047518],[146,-0.0044275],[147,-0.0041026],[148,-0.0037769],[149,-0.0034506],[150,-0.0031237],[151,-0.0027963],[152,-0.0024684],[153,-0.0021401],
[154,-0.0018115],[155,-0.0014825],[156,-0.0011533],[157,-0.00082395],[158,-0.00049443],[159,-0.00016482],[160,0.00016482],[161,0.00049443],[162,0.00082395],[163,0.0011533],[164,0.0014825],[165,0.0018115],[166,0.0021401],[167,0.0024684],[168,0.0027963],[169,0.0031237],[170,0.0034506],[171,0.0037769],[172,0.0041026],[173,0.0044275],[174,0.0047518],[175,0.0050752],
[176,0.0053978],[177,0.0057196],[178,0.0060404],[179,0.0063603],[180,0.0066793],[181,0.0069973],[182,0.0073144],[183,0.0076304],[184,0.0079454],[185,0.0082594],[186,0.0085723],[187,0.0088841],[188,0.0091949],[189,0.0095045],[190,0.0098129],[191,0.01012],[192,0.010426],[193,0.010731],[194,0.011035],[195,0.011337],[196,0.011638],[197,0.011938],
[198,0.012237],[199,0.012534],[200,0.01283],[201,0.013124],[202,0.013417],[203,0.013709],[204,0.013999],[205,0.014288],[206,0.014575],[207,0.014861],[208,0.015145],[209,0.015428],[210,0.015709],[211,0.015989],[212,0.016266],[213,0.016543],[214,0.016817],[215,0.01709],[216,0.017362],[217,0.017631],[218,0.017899],[219,0.018165],
[220,0.01843],[221,0.018692],[222,0.018953],[223,0.019212],[224,0.019469],[225,0.019724],[226,0.019977],[227,0.020228],[228,0.020478],[229,0.020725],[230,0.02097],[231,0.021214],[232,0.021455],[233,0.021694],[234,0.021932],[235,0.022167],[236,0.0224],[237,0.022631],[238,0.022859],[239,0.023086],[240,0.02331],[241,0.023533],
[242,0.023753],[243,0.02397],[244,0.024186],[245,0.024399],[246,0.024609],[247,0.024818],[248,0.025024],[249,0.025228],[250,0.025429],[251,0.025628],[252,0.025824],[253,0.026018],[254,0.02621],[255,0.026398],[256,0.026585],[257,0.026769],[258,0.02695],[259,0.027129],[260,0.027305],[261,0.027478],[262,0.027649],[263,0.027817],
[264,0.027982],[265,0.028144],[266,0.028304],[267,0.028461],[268,0.028615],[269,0.028767],[270,0.028915],[271,0.029061],[272,0.029204],[273,0.029343],[274,0.02948],[275,0.029614],[276,0.029745],[277,0.029873],[278,0.029998],[279,0.03012],[280,0.030239],[281,0.030355],[282,0.030467],[283,0.030577],[284,0.030683],[285,0.030786],
[286,0.030886],[287,0.030983],[288,0.031076],[289,0.031166],[290,0.031253],[291,0.031337],[292,0.031417],[293,0.031494],[294,0.031567],[295,0.031637],[296,0.031704],[297,0.031767],[298,0.031827],[299,0.031883],[300,0.031936],[301,0.031985],[302,0.032031],[303,0.032073],[304,0.032112],[305,0.032146],[306,0.032178],[307,0.032205],
[308,0.032229],[309,0.032249],[310,0.032266],[311,0.032278],[312,0.032287],[313,0.032292],[314,0.032293],[315,0.032291],[316,0.032285],[317,0.032275],[318,0.032261],[319,0.032243]]}
]});
});